
================================================================================
MÉTRICAS DE CENTRALIDADE DA REDE
================================================================================
Vértice    Grau         Intermediação   Proximidade     PageRank    
--------------------------------------------------------------------------------
447        0.6643       0.1016          0.9052          0.0421      
406        0.0249       0.0000          0.0000          0.0173      
277        0.0213       0.0000          0.0000          0.0105      
242        0.0870       0.0109          0.5120          0.0097      
299        0.0142       0.0001          1.0000          0.0091      
264        0.0036       0.0000          0.0000          0.0090      
51         0.0178       0.0000          1.0000          0.0080      
143        0.0142       0.0000          0.6667          0.0078      
134        0.0124       0.0000          0.0000          0.0068      
44         0.0373       0.0111          0.4899          0.0067      
196        0.0124       0.0000          0.0000          0.0066      
122        0.0071       0.0000          0.0000          0.0066      
258        0.0124       0.0000          0.0000          0.0066      
28         0.0124       0.0000          0.0000          0.0066      
521        0.0231       0.0041          0.3324          0.0058      
310        0.0213       0.0046          0.4758          0.0057      
24         0.0107       0.0000          0.0000          0.0055      
233        0.0124       0.0000          0.0000          0.0054      
418        0.0107       0.0000          0.0000          0.0054      
473        0.0107       0.0000          0.0000          0.0053      
452        0.0604       0.0035          0.4919          0.0052      
481        0.0266       0.0046          0.4795          0.0051      
190        0.0089       0.0000          0.0000          0.0051      
42         0.0107       0.0000          0.0000          0.0047      
460        0.0089       0.0000          0.0000          0.0047      
164        0.0107       0.0039          0.4758          0.0045      
101        0.0089       0.0000          0.0000          0.0044      
184        0.0089       0.0000          0.0000          0.0042      
108        0.0071       0.0000          0.0000          0.0040      
149        0.0071       0.0000          1.0000          0.0040      
457        0.0089       0.0000          0.0000          0.0039      
410        0.0089       0.0000          0.0000          0.0038      
546        0.0071       0.0000          0.0000          0.0038      
333        0.0107       0.0000          0.0000          0.0038      
355        0.0480       0.0036          0.4899          0.0037      
91         0.0071       0.0000          0.0000          0.0037      
20         0.0320       0.0061          0.4946          0.0037      
417        0.0071       0.0000          0.0000          0.0036      
166        0.0089       0.0000          0.0000          0.0036      
60         0.0071       0.0000          0.0000          0.0036      
77         0.0071       0.0000          0.0000          0.0036      
106        0.0089       0.0000          0.0000          0.0035      
126        0.0231       0.0032          0.3358          0.0035      
537        0.0053       0.0000          0.0000          0.0033      
269        0.0071       0.0000          0.0000          0.0033      
531        0.0089       0.0000          1.0000          0.0033      
286        0.0053       0.0000          0.0000          0.0032      
372        0.0053       0.0000          0.0000          0.0032      
364        0.0071       0.0000          1.0000          0.0031      
145        0.0053       0.0000          0.0000          0.0031      
290        0.0053       0.0000          0.0000          0.0031      
327        0.0053       0.0000          0.0000          0.0031      
342        0.0053       0.0000          0.0000          0.0031      
462        0.0053       0.0023          0.3294          0.0030      
431        0.0835       0.0073          0.3605          0.0029      
374        0.0089       0.0000          0.0000          0.0029      
432        0.0071       0.0000          0.5000          0.0029      
173        0.0373       0.0020          0.4899          0.0029      
425        0.0071       0.0000          0.0000          0.0029      
502        0.0107       0.0000          0.0000          0.0028      
429        0.0160       0.0014          0.2695          0.0028      
221        0.0071       0.0000          0.0000          0.0027      
368        0.0053       0.0000          0.0000          0.0027      
441        0.0053       0.0000          0.0000          0.0027      
446        0.0071       0.0000          0.0000          0.0026      
316        0.0053       0.0000          0.0000          0.0026      
470        0.0107       0.0000          0.6667          0.0026      
388        0.0089       0.0000          0.0000          0.0026      
58         0.0107       0.0000          0.0000          0.0025      
465        0.0124       0.0000          1.0000          0.0025      
393        0.0036       0.0000          0.0000          0.0025      
95         0.0071       0.0000          1.0000          0.0025      
19         0.0089       0.0013          0.4770          0.0024      
396        0.0053       0.0000          0.0000          0.0024      
161        0.0053       0.0000          0.0000          0.0024      
85         0.0053       0.0000          0.0000          0.0024      
256        0.0053       0.0000          0.0000          0.0024      
65         0.0053       0.0000          0.0000          0.0023      
380        0.0124       0.0006          0.8000          0.0023      
337        0.0124       0.0014          0.4783          0.0023      
183        0.0053       0.0000          1.0000          0.0023      
262        0.0036       0.0000          0.0000          0.0023      
352        0.0036       0.0000          0.0000          0.0023      
78         0.0036       0.0000          0.0000          0.0022      
202        0.0053       0.0000          0.0000          0.0022      
304        0.0053       0.0000          1.0000          0.0022      
489        0.0036       0.0000          0.0000          0.0022      
243        0.0071       0.0000          0.6667          0.0022      
32         0.0053       0.0000          0.0000          0.0022      
244        0.0071       0.0011          0.4758          0.0022      
10         0.0036       0.0000          0.0000          0.0022      
17         0.0036       0.0000          0.0000          0.0022      
22         0.0071       0.0000          1.0000          0.0022      
102        0.0036       0.0000          0.0000          0.0022      
107        0.0053       0.0011          0.3230          0.0022      
130        0.0036       0.0000          0.0000          0.0022      
167        0.0053       0.0011          0.2483          0.0022      
186        0.0036       0.0000          0.0000          0.0022      
296        0.0053       0.0000          0.6667          0.0022      
309        0.0036       0.0000          0.0000          0.0022      
311        0.0036       0.0000          0.0000          0.0022      
400        0.0036       0.0000          0.0000          0.0022      
443        0.0053       0.0000          1.0000          0.0022      
449        0.0089       0.0004          0.5833          0.0022      
420        0.0053       0.0000          0.0000          0.0021      
47         0.0018       0.0000          0.0000          0.0020      
271        0.0071       0.0000          0.8000          0.0020      
307        0.0018       0.0000          0.0000          0.0020      
50         0.0071       0.0000          0.0000          0.0020      
188        0.0036       0.0000          0.0000          0.0019      
162        0.0071       0.0000          0.0000          0.0019      
474        0.0036       0.0000          0.0000          0.0019      
48         0.0053       0.0000          0.0000          0.0019      
74         0.0089       0.0003          0.8000          0.0018      
75         0.0018       0.0000          0.0000          0.0018      
397        0.0036       0.0000          1.0000          0.0018      
206        0.0053       0.0000          0.0000          0.0017      
165        0.0036       0.0000          0.0000          0.0017      
344        0.0036       0.0000          0.0000          0.0017      
180        0.0018       0.0000          0.0000          0.0017      
169        0.0018       0.0000          0.0000          0.0017      
451        0.0036       0.0000          0.0000          0.0017      
487        0.0089       0.0011          0.4789          0.0017      
389        0.0036       0.0000          0.0000          0.0017      
456        0.0036       0.0000          0.0000          0.0017      
430        0.0089       0.0000          0.2500          0.0016      
274        0.0053       0.0000          0.0000          0.0016      
289        0.0018       0.0000          0.0000          0.0016      
329        0.0053       0.0000          0.0000          0.0016      
560        0.0053       0.0000          0.0000          0.0016      
458        0.0018       0.0000          0.0000          0.0016      
540        0.0018       0.0000          0.0000          0.0016      
265        0.0053       0.0000          1.0000          0.0016      
454        0.0036       0.0000          0.0000          0.0016      
295        0.0018       0.0000          0.0000          0.0016      
507        0.0036       0.0000          1.0000          0.0016      
131        0.0053       0.0000          0.0000          0.0015      
378        0.0053       0.0000          0.0000          0.0015      
270        0.0053       0.0000          0.0000          0.0015      
31         0.0071       0.0000          1.0000          0.0015      
70         0.0053       0.0000          0.0000          0.0015      
82         0.0089       0.0002          0.4545          0.0015      
220        0.0053       0.0000          0.0000          0.0015      
354        0.0053       0.0000          0.0000          0.0015      
426        0.0071       0.0000          1.0000          0.0015      
542        0.0160       0.0003          0.4821          0.0015      
555        0.0053       0.0000          0.0000          0.0015      
395        0.0053       0.0000          0.0000          0.0015      
287        0.0018       0.0000          0.0000          0.0015      
14         0.0036       0.0000          0.0000          0.0015      
211        0.0036       0.0000          0.0000          0.0015      
280        0.0036       0.0000          0.0000          0.0015      
353        0.0036       0.0000          0.0000          0.0015      
394        0.0036       0.0000          0.0000          0.0015      
146        0.0036       0.0000          0.0000          0.0015      
377        0.0036       0.0000          0.0000          0.0015      
501        0.0036       0.0000          0.0000          0.0015      
527        0.0036       0.0000          0.0000          0.0015      
424        0.0071       0.0000          0.0000          0.0015      
79         0.0018       0.0000          0.0000          0.0014      
490        0.0053       0.0000          0.0000          0.0014      
37         0.0036       0.0000          0.0000          0.0014      
293        0.0053       0.0000          0.0000          0.0014      
312        0.0071       0.0000          0.3393          0.0014      
41         0.0036       0.0000          0.0000          0.0014      
84         0.0071       0.0003          1.0000          0.0014      
239        0.0053       0.0000          0.3300          0.0014      
345        0.0053       0.0000          0.4758          0.0014      
475        0.0036       0.0000          0.0000          0.0014      
210        0.0053       0.0000          0.0000          0.0014      
314        0.0071       0.0000          1.0000          0.0014      
105        0.0036       0.0000          0.0000          0.0014      
113        0.0036       0.0000          0.0000          0.0014      
358        0.0036       0.0000          0.0000          0.0014      
392        0.0053       0.0000          0.3230          0.0014      
503        0.0036       0.0000          0.0000          0.0014      
338        0.0018       0.0000          0.0000          0.0014      
455        0.0018       0.0000          0.0000          0.0014      
556        0.0018       0.0000          0.0000          0.0014      
315        0.0089       0.0000          1.0000          0.0013      
292        0.0160       0.0000          0.4783          0.0013      
319        0.0071       0.0000          0.0000          0.0013      
367        0.0071       0.0000          0.0000          0.0013      
234        0.0053       0.0000          0.0000          0.0013      
2          0.0053       0.0000          0.0000          0.0013      
5          0.0053       0.0000          0.0000          0.0013      
259        0.0053       0.0000          0.0000          0.0013      
434        0.0053       0.0000          0.0000          0.0013      
509        0.0053       0.0000          0.0000          0.0013      
39         0.0018       0.0000          0.0000          0.0013      
498        0.0036       0.0000          0.0000          0.0013      
225        0.0107       0.0011          0.4770          0.0013      
241        0.0053       0.0000          0.0000          0.0013      
261        0.0053       0.0000          0.0000          0.0013      
268        0.0053       0.0000          0.0000          0.0013      
281        0.0071       0.0000          0.6667          0.0013      
348        0.0053       0.0000          0.0000          0.0013      
547        0.0053       0.0000          0.0000          0.0013      
313        0.0036       0.0000          0.0000          0.0013      
110        0.0036       0.0000          0.0000          0.0013      
235        0.0036       0.0000          0.0000          0.0013      
263        0.0053       0.0001          0.3393          0.0013      
402        0.0036       0.0000          0.0000          0.0013      
419        0.0053       0.0010          0.4758          0.0013      
440        0.0036       0.0000          0.0000          0.0013      
257        0.0018       0.0000          0.0000          0.0013      
297        0.0018       0.0000          0.0000          0.0013      
371        0.0053       0.0000          0.0000          0.0012      
33         0.0036       0.0000          0.0000          0.0012      
121        0.0036       0.0000          0.0000          0.0012      
157        0.0053       0.0000          1.0000          0.0012      
203        0.0036       0.0000          0.0000          0.0012      
361        0.0036       0.0000          0.0000          0.0012      
488        0.0036       0.0000          0.0000          0.0012      
530        0.0036       0.0000          0.0000          0.0012      
6          0.0036       0.0000          0.0000          0.0012      
25         0.0036       0.0000          0.0000          0.0012      
29         0.0036       0.0000          0.0000          0.0012      
40         0.0036       0.0000          0.0000          0.0012      
46         0.0036       0.0000          0.0000          0.0012      
49         0.0036       0.0000          0.0000          0.0012      
52         0.0036       0.0000          0.0000          0.0012      
56         0.0053       0.0000          1.0000          0.0012      
62         0.0036       0.0000          0.0000          0.0012      
87         0.0036       0.0000          0.0000          0.0012      
88         0.0036       0.0000          0.0000          0.0012      
93         0.0036       0.0000          0.0000          0.0012      
115        0.0036       0.0000          0.0000          0.0012      
117        0.0036       0.0000          0.0000          0.0012      
118        0.0053       0.0000          1.0000          0.0012      
136        0.0036       0.0000          0.0000          0.0012      
141        0.0053       0.0000          0.6667          0.0012      
194        0.0053       0.0000          1.0000          0.0012      
226        0.0036       0.0000          0.0000          0.0012      
306        0.0036       0.0000          0.0000          0.0012      
324        0.0036       0.0000          0.0000          0.0012      
330        0.0036       0.0000          0.0000          0.0012      
332        0.0036       0.0000          0.0000          0.0012      
383        0.0071       0.0003          1.0000          0.0012      
436        0.0036       0.0000          0.0000          0.0012      
437        0.0036       0.0000          0.0000          0.0012      
439        0.0071       0.0001          1.0000          0.0012      
461        0.0053       0.0000          0.3294          0.0012      
508        0.0053       0.0000          1.0000          0.0012      
543        0.0053       0.0000          0.4758          0.0012      
544        0.0036       0.0000          0.0000          0.0012      
554        0.0036       0.0000          0.0000          0.0012      
0          0.0018       0.0000          0.0000          0.0012      
1          0.0018       0.0000          0.0000          0.0012      
3          0.0018       0.0000          0.0000          0.0012      
4          0.0018       0.0000          0.0000          0.0012      
8          0.0018       0.0000          0.0000          0.0012      
11         0.0018       0.0000          0.0000          0.0012      
15         0.0018       0.0000          0.0000          0.0012      
16         0.0018       0.0000          0.0000          0.0012      
30         0.0018       0.0000          0.0000          0.0012      
38         0.0018       0.0000          0.0000          0.0012      
43         0.0036       0.0000          1.0000          0.0012      
53         0.0018       0.0000          0.0000          0.0012      
54         0.0036       0.0000          0.5000          0.0012      
55         0.0018       0.0000          0.0000          0.0012      
61         0.0018       0.0000          0.0000          0.0012      
63         0.0018       0.0000          0.0000          0.0012      
81         0.0018       0.0000          0.0000          0.0012      
90         0.0018       0.0000          0.0000          0.0012      
92         0.0018       0.0000          0.0000          0.0012      
97         0.0018       0.0000          0.0000          0.0012      
100        0.0018       0.0000          0.0000          0.0012      
112        0.0018       0.0000          0.0000          0.0012      
127        0.0018       0.0000          0.0000          0.0012      
129        0.0036       0.0000          1.0000          0.0012      
133        0.0018       0.0000          0.0000          0.0012      
135        0.0018       0.0000          0.0000          0.0012      
151        0.0018       0.0000          0.0000          0.0012      
152        0.0018       0.0000          0.0000          0.0012      
163        0.0018       0.0000          0.0000          0.0012      
168        0.0036       0.0000          0.3241          0.0012      
174        0.0018       0.0000          0.0000          0.0012      
178        0.0018       0.0000          0.0000          0.0012      
181        0.0018       0.0000          0.0000          0.0012      
182        0.0018       0.0000          0.0000          0.0012      
192        0.0018       0.0000          0.0000          0.0012      
195        0.0018       0.0000          0.0000          0.0012      
201        0.0018       0.0000          0.0000          0.0012      
205        0.0018       0.0000          0.0000          0.0012      
212        0.0018       0.0000          0.0000          0.0012      
214        0.0018       0.0000          0.0000          0.0012      
218        0.0018       0.0000          0.0000          0.0012      
237        0.0018       0.0000          0.0000          0.0012      
245        0.0018       0.0000          0.0000          0.0012      
249        0.0018       0.0000          0.0000          0.0012      
250        0.0018       0.0000          0.0000          0.0012      
254        0.0018       0.0000          0.0000          0.0012      
260        0.0018       0.0000          0.0000          0.0012      
273        0.0018       0.0000          0.0000          0.0012      
276        0.0018       0.0000          0.0000          0.0012      
282        0.0018       0.0000          0.0000          0.0012      
285        0.0018       0.0000          0.0000          0.0012      
294        0.0018       0.0000          0.0000          0.0012      
302        0.0018       0.0000          0.0000          0.0012      
305        0.0018       0.0000          0.0000          0.0012      
308        0.0018       0.0000          0.0000          0.0012      
322        0.0018       0.0000          0.0000          0.0012      
323        0.0036       0.0000          0.4758          0.0012      
325        0.0018       0.0000          0.0000          0.0012      
326        0.0018       0.0000          0.0000          0.0012      
331        0.0018       0.0000          0.0000          0.0012      
339        0.0018       0.0000          0.0000          0.0012      
351        0.0036       0.0000          0.3393          0.0012      
356        0.0018       0.0000          0.0000          0.0012      
357        0.0018       0.0000          0.0000          0.0012      
359        0.0018       0.0000          0.0000          0.0012      
360        0.0036       0.0000          0.4000          0.0012      
363        0.0018       0.0000          0.0000          0.0012      
365        0.0018       0.0000          0.0000          0.0012      
366        0.0018       0.0000          0.0000          0.0012      
370        0.0018       0.0000          0.0000          0.0012      
382        0.0018       0.0000          0.0000          0.0012      
385        0.0018       0.0000          0.0000          0.0012      
391        0.0018       0.0000          0.0000          0.0012      
398        0.0018       0.0000          0.0000          0.0012      
401        0.0018       0.0000          0.0000          0.0012      
403        0.0018       0.0000          0.0000          0.0012      
411        0.0018       0.0000          0.0000          0.0012      
412        0.0018       0.0000          0.0000          0.0012      
421        0.0018       0.0000          0.0000          0.0012      
422        0.0018       0.0000          0.0000          0.0012      
427        0.0018       0.0000          0.0000          0.0012      
433        0.0089       0.0000          1.0000          0.0012      
464        0.0036       0.0000          1.0000          0.0012      
467        0.0018       0.0000          0.0000          0.0012      
471        0.0018       0.0000          0.0000          0.0012      
480        0.0018       0.0000          0.0000          0.0012      
483        0.0036       0.0000          0.4758          0.0012      
486        0.0036       0.0000          0.4758          0.0012      
492        0.0018       0.0000          0.0000          0.0012      
493        0.0018       0.0000          0.0000          0.0012      
494        0.0071       0.0003          1.0000          0.0012      
519        0.0018       0.0000          0.0000          0.0012      
524        0.0018       0.0000          0.0000          0.0012      
526        0.0018       0.0000          0.0000          0.0012      
533        0.0018       0.0000          0.0000          0.0012      
534        0.0018       0.0000          0.0000          0.0012      
535        0.0036       0.0000          1.0000          0.0012      
536        0.0018       0.0000          0.0000          0.0012      
539        0.0018       0.0000          0.0000          0.0012      
541        0.0018       0.0000          0.0000          0.0012      
545        0.0018       0.0000          0.0000          0.0012      
548        0.0018       0.0000          0.0000          0.0012      
549        0.0018       0.0000          0.0000          0.0012      
551        0.0018       0.0000          0.0000          0.0012      
552        0.0018       0.0000          0.0000          0.0012      
557        0.0018       0.0000          0.0000          0.0012      
559        0.0018       0.0000          0.0000          0.0012      
562        0.0018       0.0000          0.0000          0.0012      
528        0.0036       0.0000          0.0000          0.0012      
137        0.0036       0.0000          0.0000          0.0012      
215        0.0036       0.0000          0.0000          0.0012      
253        0.0036       0.0000          0.0000          0.0012      
335        0.0036       0.0000          0.0000          0.0012      
346        0.0036       0.0000          0.0000          0.0012      
21         0.0053       0.0011          0.4770          0.0012      
36         0.0018       0.0000          0.0000          0.0012      
73         0.0018       0.0000          0.0000          0.0012      
128        0.0036       0.0000          0.2502          0.0012      
207        0.0018       0.0000          0.0000          0.0012      
251        0.0018       0.0000          0.0000          0.0012      
318        0.0036       0.0000          1.0000          0.0012      
442        0.0018       0.0000          0.0000          0.0012      
12         0.0018       0.0000          0.0000          0.0011      
26         0.0018       0.0000          0.0000          0.0011      
71         0.0018       0.0000          0.0000          0.0011      
72         0.0018       0.0000          0.0000          0.0011      
83         0.0018       0.0000          0.0000          0.0011      
148        0.0018       0.0000          0.0000          0.0011      
150        0.0018       0.0000          0.0000          0.0011      
189        0.0018       0.0000          0.0000          0.0011      
208        0.0018       0.0000          0.0000          0.0011      
246        0.0018       0.0000          0.0000          0.0011      
278        0.0018       0.0000          0.0000          0.0011      
300        0.0018       0.0000          0.0000          0.0011      
407        0.0018       0.0000          0.0000          0.0011      
453        0.0018       0.0000          0.0000          0.0011      
476        0.0018       0.0000          0.0000          0.0011      
514        0.0018       0.0000          0.0000          0.0011      
7          0.0018       0.0000          0.4758          0.0011      
9          0.0018       0.0000          0.3236          0.0011      
13         0.0018       0.0000          1.0000          0.0011      
18         0.0018       0.0000          1.0000          0.0011      
23         0.0018       0.0000          1.0000          0.0011      
27         0.0018       0.0000          0.5000          0.0011      
34         0.0018       0.0000          1.0000          0.0011      
35         0.0036       0.0000          0.7500          0.0011      
45         0.0018       0.0000          0.5000          0.0011      
57         0.0018       0.0000          0.6667          0.0011      
59         0.0018       0.0000          1.0000          0.0011      
64         0.0018       0.0000          1.0000          0.0011      
66         0.0018       0.0000          0.4758          0.0011      
67         0.0018       0.0000          1.0000          0.0011      
68         0.0018       0.0000          0.3294          0.0011      
69         0.0018       0.0000          1.0000          0.0011      
76         0.0018       0.0000          0.3230          0.0011      
80         0.0018       0.0000          1.0000          0.0011      
86         0.0018       0.0000          1.0000          0.0011      
89         0.0018       0.0000          1.0000          0.0011      
94         0.0036       0.0000          0.4771          0.0011      
96         0.0018       0.0000          1.0000          0.0011      
98         0.0018       0.0000          0.3230          0.0011      
99         0.0018       0.0000          0.4758          0.0011      
103        0.0018       0.0000          1.0000          0.0011      
104        0.0018       0.0000          1.0000          0.0011      
109        0.0018       0.0000          1.0000          0.0011      
111        0.0018       0.0000          1.0000          0.0011      
114        0.0018       0.0000          0.3392          0.0011      
116        0.0018       0.0000          1.0000          0.0011      
119        0.0018       0.0000          1.0000          0.0011      
120        0.0018       0.0000          1.0000          0.0011      
123        0.0018       0.0000          0.6667          0.0011      
124        0.0018       0.0000          0.2500          0.0011      
125        0.0018       0.0000          1.0000          0.0011      
132        0.0018       0.0000          1.0000          0.0011      
138        0.0018       0.0000          1.0000          0.0011      
139        0.0018       0.0000          1.0000          0.0011      
140        0.0018       0.0000          1.0000          0.0011      
142        0.0018       0.0000          0.6000          0.0011      
144        0.0018       0.0000          1.0000          0.0011      
147        0.0018       0.0000          0.5000          0.0011      
153        0.0018       0.0000          0.5000          0.0011      
154        0.0036       0.0000          0.4764          0.0011      
155        0.0018       0.0000          0.3392          0.0011      
156        0.0018       0.0000          1.0000          0.0011      
158        0.0018       0.0000          1.0000          0.0011      
159        0.0018       0.0000          1.0000          0.0011      
160        0.0018       0.0000          1.0000          0.0011      
170        0.0018       0.0000          1.0000          0.0011      
171        0.0053       0.0000          0.2663          0.0011      
172        0.0018       0.0000          0.3392          0.0011      
175        0.0018       0.0000          0.3247          0.0011      
176        0.0036       0.0000          0.4764          0.0011      
177        0.0018       0.0000          0.5000          0.0011      
179        0.0018       0.0000          0.4758          0.0011      
185        0.0018       0.0000          1.0000          0.0011      
187        0.0018       0.0000          0.5000          0.0011      
191        0.0018       0.0000          1.0000          0.0011      
193        0.0018       0.0000          1.0000          0.0011      
197        0.0018       0.0000          1.0000          0.0011      
198        0.0018       0.0000          0.4758          0.0011      
199        0.0018       0.0000          1.0000          0.0011      
200        0.0018       0.0000          1.0000          0.0011      
204        0.0018       0.0000          0.3247          0.0011      
209        0.0036       0.0000          1.0000          0.0011      
213        0.0018       0.0000          1.0000          0.0011      
216        0.0018       0.0000          1.0000          0.0011      
217        0.0036       0.0000          0.4765          0.0011      
219        0.0018       0.0000          1.0000          0.0011      
222        0.0018       0.0000          1.0000          0.0011      
223        0.0018       0.0000          1.0000          0.0011      
224        0.0018       0.0000          0.2446          0.0011      
227        0.0018       0.0000          1.0000          0.0011      
228        0.0231       0.0000          0.5000          0.0011      
229        0.1687       0.0000          0.5714          0.0011      
230        0.0053       0.0000          0.3402          0.0011      
231        0.0036       0.0000          0.3396          0.0011      
232        0.0835       0.0000          0.5114          0.0011      
236        0.0018       0.0000          0.4000          0.0011      
238        0.0018       0.0000          0.3303          0.0011      
240        0.0018       0.0000          0.6667          0.0011      
247        0.0018       0.0000          0.3294          0.0011      
248        0.0018       0.0000          1.0000          0.0011      
252        0.0018       0.0000          0.3230          0.0011      
255        0.0018       0.0000          1.0000          0.0011      
266        0.0018       0.0000          1.0000          0.0011      
267        0.0018       0.0000          0.4758          0.0011      
272        0.0018       0.0000          1.0000          0.0011      
275        0.0018       0.0000          0.4758          0.0011      
279        0.0018       0.0000          0.3294          0.0011      
283        0.0018       0.0000          0.4758          0.0011      
284        0.0018       0.0000          1.0000          0.0011      
288        0.0018       0.0000          0.1993          0.0011      
291        0.0018       0.0000          1.0000          0.0011      
298        0.0018       0.0000          1.0000          0.0011      
301        0.0018       0.0000          1.0000          0.0011      
303        0.0018       0.0000          1.0000          0.0011      
317        0.0018       0.0000          1.0000          0.0011      
320        0.0018       0.0000          0.4758          0.0011      
321        0.0018       0.0000          1.0000          0.0011      
328        0.0018       0.0000          1.0000          0.0011      
334        0.0018       0.0000          1.0000          0.0011      
336        0.0018       0.0000          1.0000          0.0011      
340        0.0018       0.0000          1.0000          0.0011      
341        0.0018       0.0000          1.0000          0.0011      
343        0.0018       0.0000          0.4758          0.0011      
347        0.0036       0.0000          0.3250          0.0011      
349        0.0018       0.0000          1.0000          0.0011      
350        0.0018       0.0000          0.5000          0.0011      
362        0.0018       0.0000          1.0000          0.0011      
369        0.0018       0.0000          1.0000          0.0011      
373        0.0018       0.0000          1.0000          0.0011      
375        0.0018       0.0000          1.0000          0.0011      
376        0.0036       0.0000          0.4764          0.0011      
379        0.0036       0.0000          1.0000          0.0011      
381        0.0018       0.0000          1.0000          0.0011      
384        0.0018       0.0000          1.0000          0.0011      
386        0.0018       0.0000          1.0000          0.0011      
387        0.0018       0.0000          1.0000          0.0011      
390        0.0018       0.0000          1.0000          0.0011      
399        0.0018       0.0000          1.0000          0.0011      
404        0.0018       0.0000          1.0000          0.0011      
405        0.0018       0.0000          0.3315          0.0011      
408        0.0018       0.0000          0.6667          0.0011      
409        0.0018       0.0000          1.0000          0.0011      
413        0.0018       0.0000          1.0000          0.0011      
414        0.0018       0.0000          1.0000          0.0011      
415        0.0018       0.0000          0.3294          0.0011      
416        0.0018       0.0000          0.4758          0.0011      
423        0.0018       0.0000          1.0000          0.0011      
428        0.0018       0.0000          1.0000          0.0011      
435        0.0018       0.0000          1.0000          0.0011      
438        0.0018       0.0000          1.0000          0.0011      
444        0.0018       0.0000          0.4758          0.0011      
445        0.0018       0.0000          1.0000          0.0011      
448        0.0302       0.0000          0.4913          0.0011      
450        0.0018       0.0000          0.4758          0.0011      
459        0.0018       0.0000          1.0000          0.0011      
463        0.0018       0.0000          1.0000          0.0011      
466        0.0018       0.0000          0.3230          0.0011      
468        0.0018       0.0000          0.4758          0.0011      
469        0.0018       0.0000          0.2519          0.0011      
472        0.0018       0.0000          1.0000          0.0011      
477        0.0018       0.0000          1.0000          0.0011      
478        0.0036       0.0000          1.0000          0.0011      
479        0.0018       0.0000          1.0000          0.0011      
482        0.0018       0.0000          1.0000          0.0011      
484        0.0018       0.0000          0.6667          0.0011      
485        0.0018       0.0000          1.0000          0.0011      
491        0.0018       0.0000          0.3247          0.0011      
495        0.0018       0.0000          1.0000          0.0011      
496        0.0018       0.0000          1.0000          0.0011      
497        0.0018       0.0000          1.0000          0.0011      
499        0.0036       0.0000          1.0000          0.0011      
500        0.0018       0.0000          0.3230          0.0011      
504        0.0018       0.0000          1.0000          0.0011      
505        0.0018       0.0000          1.0000          0.0011      
506        0.0018       0.0000          0.2519          0.0011      
510        0.0018       0.0000          0.4758          0.0011      
511        0.0018       0.0000          0.3315          0.0011      
512        0.0018       0.0000          0.5000          0.0011      
513        0.0018       0.0000          1.0000          0.0011      
515        0.0018       0.0000          1.0000          0.0011      
516        0.0018       0.0000          1.0000          0.0011      
517        0.0018       0.0000          1.0000          0.0011      
518        0.0018       0.0000          1.0000          0.0011      
520        0.0018       0.0000          0.4758          0.0011      
522        0.0018       0.0000          0.4758          0.0011      
523        0.0018       0.0000          1.0000          0.0011      
525        0.0018       0.0000          1.0000          0.0011      
529        0.0018       0.0000          1.0000          0.0011      
532        0.0018       0.0000          0.3247          0.0011      
538        0.0018       0.0000          0.2127          0.0011      
550        0.0018       0.0000          1.0000          0.0011      
553        0.0018       0.0000          1.0000          0.0011      
558        0.0036       0.0000          1.0000          0.0011      
561        0.0036       0.0000          0.3358          0.0011      
563        0.0018       0.0000          1.0000          0.0011      
================================================================================
